61
2
1 1
2 2
3
-1 -1
-1 1
1 1
4
100 0
0 0
-100 -100
0 -100
4
0 0
2 0
3 1
5 1
4
-3000 3000
-3000 -3000
3000 3000
3000 -3000
6
3000 3000
3000 -3000
-3000 -3000
512 256
117 343
-3000 3000
2
-1 -1
0 0
2
0 0
-1 0
2
-1 1
0 0
2
0 0
0 1
2
0 0
1 1
2
1 0
0 0
2
1 -1
0 0
2
0 -1
0 0
2
-3000 -3000
-3000 0
2
-3000 3000
-3000 -3000
2
0 3000
-3000 -3000
2
3000 3000
-3000 -3000
2
-3000 -3000
3000 0
2
3000 -3000
-3000 -3000
2
-3000 -3000
0 -3000
2
-3000 0
-3000 3000
2
0 3000
-3000 0
2
3000 3000
-3000 0
2
3000 0
-3000 0
2
-3000 0
3000 -3000
2
0 -3000
-3000 0
2
0 3000
-3000 3000
2
-3000 3000
3000 3000
2
3000 0
-3000 3000
2
3000 -3000
-3000 3000
2
0 -3000
-3000 3000
2
0 3000
3000 3000
2
0 3000
3000 0
2
0 3000
3000 -3000
2
0 3000
0 -3000
2
3000 0
3000 3000
2
3000 3000
3000 -3000
2
0 -3000
3000 3000
2
3000 -3000
3000 0
2
3000 0
0 -3000
2
3000 -3000
0 -3000
3
104 100
100 103
100 100
3
-3000 -3000
3000 3000
-3000 -2999
3
-3000 -3000
0 0
3000 3000
3
0 3000
-3000 -3000
3000 -3000
10
-16 -12
16 12
-20 0
16 -12
6 19
-6 -19
-6 19
6 -19
20 0
-16 12
150
-27 -13
-15 26
30 0
-2 -30
-22 -21
3 -30
-24 -18
16 25
26 16
27 -12
-16 -25
24 -19
-10 28
-29 9
-7 -29
4 -30
-23 20
-22 21
28 -10
-28 10
-30 -5
22 21
26 14
1 30
8 29
7 -29
-29 -9
-26 -16
14 27
-7 29
-24 19
-13 -27
-4 -30
-12 -28
-14 -27
30 -5
-30 1
-17 25
18 -24
-30 4
-29 7
-29 -7
30 -3
-30 -1
-9 -29
-16 25
9 -29
24 18
-26 16
27 -13
-30 5
-21 -21
-19 -23
18 24
-9 29
22 -21
28 10
17 -25
-3 -30
14 -27
-28 -10
-26 -14
-30 -4
2 30
25 17
27 12
10 28
8 -29
-27 13
29 6
23 -20
-15 -26
-25 17
-30 3
-20 22
15 26
30 4
15 -26
-26 14
20 22
-27 -12
29 -6
-19 23
28 -11
2 -30
-14 27
21 21
-28 11
-13 27
-23 -20
17 25
-6 29
24 -18
13 27
27 13
12 28
13 -27
29 -9
-30 0
-18 -24
-25 -17
-10 -28
28 11
6 29
16 -25
7 29
-28 -11
26 -16
-3 30
-27 12
23 20
30 1
19 23
30 -4
-1 30
21 -21
30 -1
19 -23
10 -28
29 7
30 5
20 -22
-24 -19
29 -7
29 9
-8 29
-29 6
-30 -3
-17 -25
-6 -29
30 3
1 -30
-20 -22
-24 18
-21 21
-12 28
25 -17
-2 30
-29 -6
-1 -30
26 -14
12 -28
-4 30
24 19
4 30
6 -29
3 30
-18 24
9 29
-8 -29
300
251 -2989
-987 -2833
2598 1500
-126 2997
-2958 -500
1334 2687
2994 188
500 -2958
1712 -2463
-63 -2999
-2989 251
-2921 -685
1104 -2789
-2766 -1163
-927 2853
1763 2427
-987 2833
3000 0
-624 -2934
1445 -2629
2271 -1960
1220 2741
-2997 126
-2994 188
2812 -1046
-1334 -2687
-1960 2271
-2934 -624
-1912 -2312
-2463 1712
1277 -2714
188 -2994
685 -2921
2566 -1554
-746 -2906
188 2994
-1277 -2714
-1660 2499
-2598 1500
-251 -2989
-2994 -188
-2968 -438
1912 -2312
-867 2872
2659 -1390
1277 2714
-562 -2947
-2833 987
-1046 -2812
-2947 -562
927 -2853
1046 -2812
-2499 -1660
2934 -624
-2427 1763
-2054 2187
2947 562
-2499 1660
0 -3000
-2007 -2229
-927 -2853
2714 1277
2143 2099
2958 500
807 2889
-2427 -1763
2853 -927
-2906 -746
2741 1220
987 2833
-2934 624
-1220 -2741
63 2999
-807 2889
2994 -188
1912 2312
2872 867
2889 807
2533 1607
2984 -314
2054 -2187
746 2906
-1104 -2789
-2351 1863
-126 -2997
-2984 -314
-1712 -2463
-746 2906
-2312 -1912
2921 685
-376 -2976
2099 2143
1220 -2741
-2889 -807
1863 2351
2390 1814
-1445 -2629
-2976 376
2934 624
2906 746
-1863 2351
2976 -376
-2984 314
2741 -1220
1554 2566
-2463 -1712
1607 2533
-1390 2659
2351 1863
867 -2872
-2187 2054
-2659 1390
-2351 -1863
2989 -251
2499 1660
-2598 -1500
2187 -2054
2463 -1712
2312 1912
1163 -2766
1660 2499
2906 -746
2766 1163
-2566 -1554
562 2947
2271 1960
-2853 -927
1500 -2598
2229 -2007
-2789 1104
-1763 -2427
-2741 1220
-2143 -2099
-2533 -1607
2989 251
-2921 685
2099 -2143
251 2989
927 2853
987 -2833
2833 -987
-2271 1960
-251 2989
746 -2906
1763 -2427
2533 -1607
-2687 -1334
-438 2968
-2872 -867
-2833 -987
-3000 0
-1445 2629
-807 -2889
-2714 -1277
-2629 1445
2984 314
438 -2968
-2997 -126
-1863 -2351
2659 1390
-1960 -2271
807 -2889
1046 2812
1500 2598
2968 438
1104 2789
-1104 2789
624 2934
-2999 63
376 2976
2427 1763
126 -2997
1334 -2687
2463 1712
2629 -1445
-1046 2812
-1500 2598
-2566 1554
685 2921
-2812 -1046
-1500 -2598
-314 2984
-685 2921
-2099 -2143
-624 2934
2889 -807
1814 2390
1660 -2499
2999 63
-2976 -376
-2789 -1104
-376 2976
2997 -126
-1912 2312
-500 -2958
2766 -1163
-2958 500
-2054 -2187
2921 -685
314 2984
-188 -2994
-2271 -1960
-2390 -1814
562 -2947
-438 -2968
2629 1445
-2659 -1390
-1607 2533
1390 2659
2007 2229
438 2968
2351 -1863
2947 -562
2390 -1814
-314 -2984
-2143 2099
376 -2976
-2390 1814
-2312 1912
-2687 1334
2997 126
-1277 2714
2789 -1104
-1163 -2766
-1334 2687
2566 1554
-1220 2741
-2007 2229
-1814 -2390
-2872 867
2853 927
-2989 -251
-2947 562
-562 2947
1712 2463
624 -2934
-1607 -2533
2999 -63
63 -2999
-2741 -1220
-1814 2390
2427 -1763
2976 376
-1163 2766
1960 2271
1863 -2351
-2229 2007
-2812 1046
2187 2054
-1660 -2499
-1554 2566
1554 -2566
500 2958
1390 -2659
-2533 1607
-2906 746
2872 -867
-500 2958
-2187 -2054
-2889 807
-867 -2872
2789 1104
2687 -1334
-2229 -2007
2812 1046
-2766 1163
1814 -2390
2968 -438
-2999 -63
-188 2994
-1554 -2566
1445 2629
2054 2187
-63 2999
1607 -2533
2833 987
-685 -2921
1163 2766
2229 2007
126 2997
2714 -1277
-2853 927
0 3000
-2099 2143
1960 -2271
314 -2984
2143 -2099
2007 -2229
2499 -1660
-2629 -1445
867 2872
2687 1334
2598 -1500
2312 -1912
-1390 -2659
-2968 438
-1763 2427
-2714 1277
-1712 2463
2958 -500
100
82 470
160 329
118 -1473
90 1341
120 871
112 -1335
98 -860
114 1177
36 -1488
22 -13
186 -903
106 -1091
158 1194
190 1497
136 -1186
140 1470
60 -457
34 794
134 1329
198 -119
102 1492
84 1100
38 445
94 -368
104 -482
182 -316
50 -394
4 -1135
116 355
88 53
126 495
18 -1126
122 748
156 -1323
96 1475
46 1353
146 1495
154 -93
128 1082
20 1369
144 -737
192 -532
86 -1385
32 827
2 1364
92 -1169
16 -432
108 1390
174 -1405
58 1489
124 -1494
138 -342
80 -1491
176 106
148 -508
132 80
110 -66
12 -805
30 -1482
42 -1375
194 -1054
142 -882
168 -1496
10 -816
68 -1347
170 520
62 -1109
100 -760
54 -838
44 27
130 -1395
74 -1478
28 406
178 1316
164 892
152 1400
150 -1072
8 1484
76 849
6 -419
24 -1358
184 1465
72 381
0 0
52 1480
166 725
40 1118
188 -713
26 1144
48 -1152
14 1486
172 1063
78 771
64 1380
70 1161
66 -40
180 -1202
162 -1468
56 -782
196 1409
300
-1883 1390
-1181 355
-1625 1072
-1160 1025
-1571 -303
-1676 1499
-1424 1135
-1364 -782
-1454 -793
-1397 -1269
-1340 -1491
-1814 1446
-1109 27
-1637 342
-1439 -225
-1640 -133
-1562 882
-1829 -838
-1106 -238
-1490 -1161
-1988 -881
-1586 -725
-1730 -1276
-1811 -1488
-1997 1303
-1118 594
-1487 1283
-1493 1015
-1436 432
-1505 264
-1769 419
-1691 -1100
-1334 -1385
-1913 -342
-1520 759
-1835 -457
-1289 -1218
-1388 827
-1697 -771
-1721 838
-1253 -713
-1271 -1462
-1178 -146
-1481 1449
-1592 -1063
-1976 -93
-1217 1400
-1235 520
-1859 1100
-1574 93
-1946 1465
-1955 -1202
-1229 893
-1343 1499
-1220 -1310
-1598 -1316
-1286 1329
-1295 -924
-1736 -1446
-1298 748
-1742 -1500
-1466 -1353
-1145 -1491
-1412 1484
-1508 -53
-1763 805
-1247 -316
-1559 -1044
-1712 -251
-1277 -1498
-1778 211
-1700 582
-1208 -1498
-1982 -507
-1685 -1341
-1871 1475
-1376 26
-1163 -860
-1991 1044
-1358 -1109
-1622 -1210
-1214 -1462
-1367 594
-1352 -1347
-1349 1427
-1532 1335
-1841 -40
-1634 -545
-1124 955
-1292 1082
-1115 -393
-1223 1194
-1565 -702
-1517 -569
-1994 -1185
-1580 -329
-1922 913
-1127 -1109
-1925 -1072
-1607 1496
-1184 -557
-1943 -1496
-1316 -482
-1787 -805
-1661 -1177
-1250 520
-1448 -406
-1853 771
-1823 -1153
-1328 -1169
-1355 1240
-1514 368
-1442 13
-1817 -1375
-1133 -1347
-1415 -1438
-1301 -557
-1613 1468
-1844 -172
-1889 1178
-1709 40
-1103 445
-1862 -1233
-1409 -1500
-1211 1495
-1256 892
-1682 1422
-1874 -1499
-1373 186
-1538 1473
-1865 1341
-1754 -1255
-1595 1202
-1631 737
-1916 545
-1649 -495
-1766 -618
-1232 -713
-1154 1290
-1646 290
-1958 1063
-1847 381
-1418 1364
-1556 1186
-1643 -79
-1610 -1497
-1910 132
-1379 -238
-1268 1400
-1886 -1297
-1460 -1118
-1940 1497
-1544 1494
-1280 1470
-1934 1409
-1727 1152
-1856 -945
-1604 -1465
-1733 1375
-1967 -533
-1310 -66
-1952 1316
-1703 -381
-1979 303
-1400 1369
-1175 -66
-1427 -986
-1484 -1380
-1892 -1035
-1463 1248
-1136 1427
-1238 -316
-1901 495
-1130 1240
-1445 198
-1907 80
-1679 -1475
-1451 606
-1904 -290
-1619 1323
-1793 -1126
-1421 -1262
-1499 666
-1472 -1480
-1157 -1169
-1868 -1422
-1457 965
-1319 678
-1313 277
-1748 -1435
-1961 -903
-1919 -736
-1274 1495
-1541 -1498
-1346 -1478
-1757 1127
-1970 329
-1502 -470
-1199 1329
-1547 -1459
-2000 -1395
-1394 1144
-1718 -654
-1325 1025
-1826 1006
-1655 -871
-1658 1034
-1838 251
-1193 1081
-1166 678
-1667 -1390
-1370 -394
-1196 -1217
-1775 0
-1928 1209
-1226 -1054
-1931 -1323
-1187 748
-1937 -1468
-1262 1194
-1151 -1385
-1805 -1482
-1511 -159
-1139 -1478
-1496 -849
-1949 -1405
-1331 1290
-1973 -120
-1304 355
-1880 -1456
-1202 -1414
-1172 277
-1670 1456
-1241 106
-1283 -1414
-1802 1434
-1259 -1053
-1337 1453
-1265 -1310
-1616 -1409
-1190 -924
-1307 -146
-1535 -1418
-1964 725
-1772 -212
-1553 -1304
-1877 1492
-1673 -1492
-1739 1488
-1112 185
-1784 618
-1850 -581
-1148 1453
-1799 -1358
-1820 1276
-1652 690
-1430 816
-1577 119
-1628 -914
-1244 106
-1589 903
-1694 945
-1688 1233
-1751 1358
-1391 -995
-1526 1091
-1478 -1489
-1523 -934
-1781 -419
-1121 -782
-1760 -976
-1790 975
-1205 1470
-1601 1405
-1385 -642
-1361 955
-1724 -1005
-1322 -860
-1985 701
-1745 1482
-1568 508
-1895 871
-1382 444
-1898 -690
-1706 172
-1808 1500
-1406 1486
-1142 1499
-1529 -1225
-1583 532
-1715 457
-1169 -483
-1550 1395
-1796 1255
-1664 1297
-1469 1431
-1475 1500
-1403 -1442
-1433 -630
-1832 654
55
20 400
5 25
27 729
41 1681
35 1225
7 49
14 196
18 324
42 1764
22 484
44 1936
23 529
17 289
9 81
45 2025
31 961
0 0
8 64
28 784
54 2916
36 1296
26 676
52 2704
38 1444
50 2500
46 2116
24 576
51 2601
1 1
47 2209
15 225
49 2401
53 2809
6 36
11 121
33 1089
30 900
13 169
4 16
37 1369
12 144
25 625
39 1521
3 9
2 4
16 256
40 1600
29 841
48 2304
43 1849
19 361
10 100
21 441
32 1024
34 1156
300
338 2
734 2
-436 -2
188 -2
-268 -2
86 2
152 -2
272 -2
-454 2
-532 -2
458 2
-442 2
722 2
-586 2
2 2
638 2
512 -2
620 -2
-526 2
-262 2
-766 2
-562 2
212 -2
-622 2
-670 2
-940 -2
-742 2
740 -2
-358 2
-904 -2
-178 2
-508 -2
206 2
-544 -2
422 2
-892 -2
590 2
-898 2
-754 2
-880 -2
704 -2
-154 2
536 -2
-760 -2
386 2
104 -2
692 -2
-100 -2
248 -2
-46 2
572 -2
674 2
176 -2
554 2
-568 -2
-304 -2
242 2
-832 -2
488 -2
-706 2
644 -2
-748 -2
-82 2
-778 2
-328 -2
-598 2
224 -2
-460 -2
302 2
-196 -2
560 -2
128 -2
596 -2
530 2
410 2
296 -2
-856 -2
92 -2
-700 -2
344 -2
-280 -2
236 -2
-136 -2
-814 2
584 -2
566 2
44 -2
-346 2
614 2
-640 -2
-862 2
500 -2
518 2
-40 -2
716 -2
-472 -2
14 2
-130 2
542 2
602 2
-190 2
-76 -2
-550 2
-298 2
-148 -2
110 2
-238 2
374 2
-796 -2
20 -2
-124 -2
-808 -2
-652 -2
-988 -2
-400 -2
332 -2
320 -2
-682 2
-118 2
710 2
-592 -2
-364 -2
-64 -2
-208 -2
-16 -2
-820 -2
-646 2
-226 2
-388 -2
-772 -2
-448 -2
-868 -2
404 -2
350 2
440 -2
-724 -2
-604 -2
380 -2
-688 -2
-616 -2
-928 -2
-946 2
-220 -2
-694 2
290 2
-22 2
746 2
356 -2
770 2
662 2
194 2
-922 2
-952 -2
-634 2
-580 -2
-28 -2
170 2
362 2
392 -2
-334 2
200 -2
-790 2
794 2
-1000 -2
-970 2
68 -2
-172 -2
308 -2
-292 -2
-232 -2
-844 -2
-712 -2
-610 2
-574 2
-286 2
-202 2
-502 2
-874 2
-160 -2
-538 2
452 -2
-514 2
752 -2
26 2
-958 2
-478 2
-964 -2
650 2
680 -2
-340 -2
-166 2
494 2
-496 -2
116 -2
50 2
80 -2
476 -2
-4 -2
398 2
-418 2
668 -2
698 2
-256 -2
134 2
-994 2
-802 2
470 2
-718 2
-250 2
506 2
218 2
626 2
-376 -2
464 -2
146 2
-322 2
284 -2
-466 2
482 2
-274 2
-424 -2
578 2
728 -2
782 2
74 2
-730 2
-184 -2
266 2
140 -2
-70 2
326 2
686 2
-394 2
-52 -2
446 2
608 -2
164 -2
62 2
428 -2
-916 -2
-886 2
368 -2
158 2
-484 -2
-106 2
656 -2
-88 -2
122 2
-556 -2
38 2
-94 2
-736 -2
-976 -2
32 -2
-850 2
416 -2
-664 -2
-112 -2
548 -2
632 -2
776 -2
-520 -2
-490 2
-352 -2
-676 -2
-214 2
-430 2
-58 2
-34 2
434 2
788 -2
-142 2
182 2
98 2
-784 -2
758 2
-910 2
8 -2
230 2
-10 2
-382 2
-370 2
764 -2
-412 -2
-838 2
-310 2
278 2
-982 2
-406 2
314 2
260 -2
-244 -2
-826 2
-628 -2
-934 2
524 -2
-658 2
-316 -2
254 2
56 -2
300
56 -6
158 5
-904 -6
644 -6
74 5
-574 5
-514 5
-892 -6
242 5
602 5
-478 5
764 -6
374 5
44 -6
728 -6
-214 5
38 5
-754 5
-946 5
-928 -6
-916 -6
608 -6
-604 -6
-580 -6
-418 5
-658 5
380 -6
590 5
-304 -6
-298 5
-154 5
-424 -6
-196 -6
-130 5
-556 -6
-484 -6
698 5
770 5
-814 5
-652 -6
-208 -6
-340 -6
638 5
116 -6
8 -6
-88 -6
-34 5
-880 -6
236 -6
-784 -6
-694 5
-220 -6
104 -6
704 -6
-520 -6
-190 5
452 -6
-886 5
686 5
386 5
410 5
20 -6
176 -6
-790 5
260 -6
-976 -6
314 5
122 5
266 5
-592 -6
-826 5
-562 5
-670 5
-442 5
-922 5
284 -6
-502 5
524 -6
26 5
-22 5
-856 -6
350 5
-160 -6
-178 5
206 5
-328 -6
-232 -6
308 -6
-736 -6
782 5
548 -6
50 5
-82 5
-808 -6
-868 -6
-724 -6
-1000 -6
-346 5
-766 5
-100 -6
776 -6
356 -6
-292 -6
-988 -6
-394 5
290 5
338 5
-70 5
-490 5
110 5
-448 -6
-844 -6
-742 5
-682 5
746 5
458 5
-358 5
500 -6
-982 5
794 5
-610 5
-334 5
-526 5
740 -6
170 5
560 -6
-538 5
596 -6
-688 -6
-586 5
-268 -6
-124 -6
-400 -6
614 5
-862 5
-796 -6
578 5
-466 5
146 5
80 -6
-532 -6
-508 -6
-40 -6
758 5
-850 5
272 -6
368 -6
-136 -6
-706 5
2 5
134 5
344 -6
722 5
-256 -6
-112 -6
542 5
-382 5
-544 -6
140 -6
-778 5
668 -6
-472 -6
506 5
-58 5
-310 5
-370 5
-622 5
-64 -6
-388 -6
-262 5
-616 -6
-76 -6
-634 5
-970 5
296 -6
-598 5
-172 -6
68 -6
662 5
-406 5
422 5
-874 5
-316 -6
-142 5
-934 5
-202 5
248 -6
-802 5
-772 -6
656 -6
470 5
440 -6
152 -6
518 5
434 5
-760 -6
-910 5
-640 -6
632 -6
-838 5
302 5
680 -6
476 -6
-148 -6
-118 5
320 -6
-352 -6
194 5
-274 5
428 -6
362 5
-676 -6
-238 5
218 5
326 5
416 -6
-106 5
-496 -6
-286 5
14 5
734 5
98 5
-28 -6
-376 -6
566 5
224 -6
-10 5
200 -6
788 -6
-454 5
-430 5
-730 5
-832 -6
398 5
-412 -6
-994 5
-4 -6
554 5
512 -6
-712 -6
-718 5
626 5
-646 5
332 -6
-364 -6
32 -6
-952 -6
230 5
182 5
-322 5
-460 -6
-436 -6
752 -6
584 -6
488 -6
482 5
-550 5
-166 5
710 5
446 5
-964 -6
392 -6
-820 -6
128 -6
-184 -6
188 -6
-628 -6
-94 5
-700 -6
164 -6
620 -6
-940 -6
530 5
-46 5
-16 -6
-226 5
-958 5
572 -6
-244 -6
-280 -6
716 -6
494 5
92 -6
86 5
536 -6
-250 5
-664 -6
674 5
278 5
650 5
404 -6
254 5
-568 -6
212 -6
-748 -6
-52 -6
692 -6
464 -6
62 5
-898 5
300
-128 -1239
218 1183
254 1435
-42 -637
-174 -1561
36 -91
68 133
198 1043
-164 -1491
-196 -1715
28 -147
290 1687
-136 -1295
-198 -1729
286 1659
-170 -1533
-52 -707
-222 -1897
-4 -371
42 -49
-98 -1029
-134 -1281
-64 -791
154 735
140 637
-130 -1253
100 357
32 -119
-184 -1631
106 399
-176 -1575
6 -301
292 1701
138 623
-182 -1617
216 1169
266 1519
-286 -2345
-220 -1883
-44 -651
294 1715
172 861
220 1197
248 1393
276 1589
2 -329
110 427
-230 -1953
92 301
-152 -1407
192 1001
-18 -469
8 -287
-266 -2205
-112 -1127
64 105
242 1351
50 7
224 1225
126 539
-204 -1771
-28 -539
-60 -763
-76 -875
-250 -2093
182 931
-86 -945
190 987
-206 -1785
156 749
102 371
88 273
-258 -2149
-30 -553
90 287
-16 -455
240 1337
280 1617
-102 -1057
-294 -2401
-6 -385
54 35
-124 -1211
-74 -861
184 945
-242 -2037
142 651
-48 -679
-162 -1477
222 1211
-70 -833
-298 -2429
76 189
46 -21
60 77
-142 -1337
-92 -987
168 833
-78 -889
186 959
-300 -2443
22 -189
-38 -609
-156 -1435
58 63
-244 -2051
180 917
40 -63
-160 -1463
196 1029
-226 -1925
296 1729
0 -343
-252 -2107
-296 -2415
10 -273
34 -105
174 875
252 1421
264 1505
150 707
166 819
-180 -1603
-262 -2177
256 1449
-148 -1379
272 1561
-292 -2387
-268 -2219
96 329
120 497
208 1113
86 259
-62 -777
-90 -973
-290 -2373
82 231
-66 -805
228 1253
-122 -1197
-118 -1169
-228 -1939
160 777
178 903
-154 -1421
-202 -1757
210 1127
-282 -2317
4 -315
-218 -1869
-194 -1701
72 161
200 1057
284 1645
-20 -483
114 455
-254 -2121
74 175
-100 -1043
-138 -1309
56 49
-72 -847
-146 -1365
-172 -1547
38 -77
-192 -1687
-32 -567
158 763
-96 -1015
258 1463
84 245
-186 -1645
-278 -2289
-144 -1351
-224 -1911
-140 -1323
116 469
268 1533
-120 -1183
-208 -1799
-190 -1673
194 1015
230 1267
-8 -399
-106 -1085
282 1631
-88 -959
212 1141
-24 -511
124 525
-238 -2009
62 91
270 1547
-36 -595
260 1477
152 721
-50 -693
80 217
-214 -1841
44 -35
-22 -497
-2 -357
122 511
-216 -1855
-234 -1981
30 -133
-126 -1225
-116 -1155
226 1239
-10 -413
14 -245
250 1407
-264 -2191
-168 -1519
-58 -749
214 1155
-200 -1743
108 413
-56 -735
-40 -623
26 -161
204 1085
148 693
176 889
130 567
236 1309
246 1379
18 -217
262 1491
238 1323
-158 -1449
188 973
104 385
144 665
-274 -2261
-260 -2163
-104 -1071
-232 -1967
-108 -1099
232 1281
-14 -441
20 -203
202 1071
66 119
162 791
288 1673
-68 -819
244 1365
164 805
-166 -1505
78 203
-26 -525
-110 -1113
206 1099
70 147
16 -231
118 483
-280 -2303
-94 -1001
24 -175
298 1743
-284 -2331
-240 -2023
-276 -2275
98 343
-84 -931
278 1603
52 21
-150 -1393
-270 -2233
-236 -1995
48 -7
-46 -665
-256 -2135
-114 -1141
134 595
12 -259
-132 -1267
-80 -903
170 847
-34 -581
234 1295
-210 -1813
94 315
274 1575
-246 -2065
-82 -917
-248 -2079
-288 -2359
-178 -1589
132 581
-12 -427
-272 -2247
136 609
112 441
146 679
-54 -721
-212 -1827
-188 -1659
128 553
40
-2725 575
-2890 -1570
-2824 -712
-2967 -2571
-2703 861
-2780 -140
-2956 -2428
-2802 -426
-2769 3
-2923 -1999
-2604 2148
-2637 1719
-2747 289
-2615 2005
-2758 146
-2934 -2142
-2681 1147
-2714 718
-2945 -2285
-2692 1004
-2912 -1856
-2901 -1713
-2582 2434
-2835 -855
-2626 1862
-3000 -3000
-2813 -569
-2736 432
-2846 -998
-2857 -1141
-2879 -1427
-2659 1433
-2978 -2714
-2670 1290
-2989 -2857
-2571 2577
-2648 1576
-2791 -283
-2868 -1284
-2593 2291
289
-2380 2988
-2375 2993
-2371 2997
-2370 2990
-2374 2988
-2379 2992
-2365 2992
-2377 2990
-2367 2985
-2381 2990
-2371 2996
-2381 2995
-2373 2995
-2366 2996
-2376 2995
-2366 2994
-2373 2986
-2377 2993
-2374 2993
-2369 2988
-2375 2989
-2377 2987
-2380 2993
-2373 2988
-2367 2995
-2373 2992
-2379 2984
-2372 2992
-2366 2984
-2375 2983
-2377 2984
-2367 2999
-2375 2996
-2368 2985
-2375 2985
-2365 2983
-2370 2988
-2370 2998
-2368 2993
-2378 2984
-2366 2987
-2371 2984
-2379 2998
-2378 2996
-2380 2994
-2365 2987
-2366 2997
-2376 2994
-2379 2989
-2365 2996
-2373 2999
-2366 2991
-2366 2992
-2370 2991
-2380 2985
-2372 2987
-2379 2997
-2369 2998
-2369 2990
-2373 2991
-2372 2983
-2373 2994
-2369 2989
-2378 2986
-2369 2994
-2371 2993
-2370 2983
-2371 2986
-2365 2989
-2372 2985
-2371 2995
-2380 2990
-2376 2997
-2368 2995
-2381 2997
-2368 2996
-2376 2983
-2365 2990
-2375 2998
-2369 2993
-2378 2989
-2377 2986
-2378 2983
-2368 2988
-2381 2996
-2372 2997
-2373 2987
-2373 2989
-2368 2994
-2367 2992
-2368 2984
-2371 2990
-2368 2991
-2365 2986
-2374 2996
-2376 2990
-2371 2988
-2366 2983
-2380 2999
-2381 2989
-2377 2995
-2370 2992
-2375 2999
-2375 2997
-2374 2999
-2381 2988
-2374 2991
-2372 2990
-2374 2990
-2365 2999
-2373 2993
-2379 2995
-2370 2984
-2366 2995
-2379 2986
-2367 2988
-2366 2989
-2371 2985
-2371 2999
-2381 2985
-2372 2998
-2378 2993
-2370 2999
-2368 2998
-2375 2995
-2366 2993
-2366 2998
-2367 2997
-2380 2996
-2378 2994
-2375 2988
-2369 2984
-2370 2985
-2372 2984
-2378 2995
-2376 2996
-2369 2986
-2367 2998
-2379 2987
-2374 2998
-2380 2997
-2378 2987
-2379 2988
-2375 2994
-2376 2993
-2367 2996
-2376 2987
-2367 2984
-2370 2986
-2365 2984
-2381 2999
-2373 2997
-2372 2996
-2374 2987
-2380 2983
-2372 2995
-2376 2991
-2372 2993
-2366 2990
-2369 2999
-2368 2983
-2374 2985
-2373 2990
-2368 2990
-2370 2989
-2369 2997
-2367 2994
-2375 2992
-2366 2988
-2377 2998
-2368 2986
-2380 2984
-2371 2992
-2377 2996
-2371 2998
-2367 2990
-2381 2994
-2376 2986
-2374 2989
-2365 2997
-2367 2986
-2370 2995
-2374 2983
-2369 2991
-2369 2992
-2381 2993
-2371 2991
-2378 2990
-2378 2985
-2380 2989
-2370 2993
-2368 2997
-2375 2991
-2372 2989
-2372 2991
-2380 2992
-2380 2995
-2367 2989
-2377 2989
-2368 2999
-2378 2991
-2381 2983
-2379 2990
-2369 2996
-2372 2994
-2371 2987
-2370 2987
-2377 2985
-2365 2995
-2365 2994
-2374 2984
-2370 2996
-2376 2984
-2373 2998
-2381 2984
-2369 2985
-2374 2992
-2370 2994
-2369 2995
-2379 2991
-2380 2986
-2374 2986
-2367 2991
-2375 2986
-2377 2991
-2372 2988
-2374 2995
-2379 2985
-2376 2988
-2377 2992
-2369 2983
-2375 2987
-2368 2989
-2373 2996
-2365 2991
-2375 2990
-2377 2994
-2366 2986
-2379 2999
-2380 2998
-2378 2992
-2381 2992
-2373 2984
-2373 2985
-2368 2992
-2376 2999
-2366 2985
-2378 2998
-2374 2997
-2378 2999
-2376 2998
-2365 2985
-2377 2983
-2377 2999
-2367 2987
-2375 2984
-2371 2989
-2379 2996
-2371 2994
-2377 2988
-2376 2985
-2365 2988
-2379 2983
-2372 2999
-2378 2988
-2381 2991
-2378 2997
-2372 2986
-2377 2997
-2381 2987
-2367 2983
-2381 2998
-2373 2983
-2365 2998
-2369 2987
-2381 2986
-2379 2994
-2379 2993
-2376 2992
-2366 2999
-2367 2993
-2380 2991
-2368 2987
-2376 2989
-2370 2997
-2374 2994
-2380 2987
-2365 2993
-2371 2983
144
-2365 2994
-2374 2995
-2377 2988
-2366 2987
-2372 2985
-2375 2998
-2370 2985
-2370 2983
-2377 2998
-2371 2996
-2379 2992
-2365 2996
-2379 2996
-2378 2989
-2369 2994
-2368 2999
-2366 2995
-2375 2996
-2377 2986
-2369 2984
-2367 2998
-2367 2990
-2374 2991
-2365 2992
-2366 2999
-2368 2985
-2380 2985
-2368 2989
-2372 2993
-2378 2983
-2368 2997
-2373 2988
-2369 2996
-2374 2993
-2371 2986
-2375 2994
-2377 2996
-2380 2993
-2376 2997
-2380 2997
-2369 2990
-2373 2998
-2379 2984
-2374 2997
-2365 2990
-2381 2986
-2370 2995
-2371 2988
-2373 2990
-2380 2995
-2368 2983
-2376 2985
-2376 2991
-2365 2986
-2368 2987
-2375 2990
-2377 2994
-2370 2997
-2376 2995
-2381 2992
-2365 2984
-2372 2997
-2370 2989
-2374 2983
-2372 2999
-2371 2992
-2372 2989
-2381 2996
-2374 2985
-2366 2989
-2371 2994
-2374 2989
-2373 2984
-2380 2991
-2371 2990
-2379 2994
-2370 2993
-2372 2991
-2375 2986
-2381 2994
-2371 2998
-2381 2998
-2368 2991
-2368 2995
-2369 2986
-2367 2996
-2371 2984
-2373 2994
-2373 2996
-2375 2984
-2380 2983
-2379 2988
-2368 2993
-2380 2987
-2367 2984
-2380 2989
-2367 2992
-2375 2992
-2378 2987
-2378 2985
-2377 2992
-2366 2991
-2375 2988
-2378 2991
-2378 2993
-2367 2994
-2381 2984
-2376 2999
-2369 2998
-2372 2983
-2365 2998
-2370 2999
-2365 2988
-2372 2987
-2378 2995
-2374 2987
-2378 2999
-2369 2992
-2370 2991
-2379 2986
-2377 2990
-2380 2999
-2366 2997
-2374 2999
-2366 2983
-2376 2983
-2370 2987
-2376 2987
-2379 2998
-2378 2997
-2381 2990
-2372 2995
-2379 2990
-2376 2989
-2367 2986
-2366 2985
-2373 2992
-2373 2986
-2381 2988
-2367 2988
-2376 2993
-2377 2984
-2366 2993
-2369 2988
300
-1069 -1186
-46 2137
-2677 -389
-2512 3000
-1663 -1999
-2476 -463
-2366 -410
-2759 -831
-2695 542
-2028 3000
-896 -772
-713 146
-658 -3000
-2055 -431
-2640 -1837
-813 815
-2384 519
-1727 1229
-393 -318
-1014 925
-1389 -452
-1772 -146
-731 1564
-859 -3000
-83 -3000
-2092 318
-2010 730
-1507 1477
-274 -831
-722 651
-1042 1626
-576 -1956
-1644 -1423
-1243 1874
-1215 1047
-503 -368
-293 -1124
-987 -614
-1562 -744
-1745 -3000
-2403 338
-147 786
-2329 -1915
-1151 -2465
-1955 -1371
-1891 249
-2101 908
-211 -577
-530 1371
-1681 -259
-914 211
-548 -3000
-430 431
-567 -3000
-1964 -566
-1197 -55
-2247 -976
-2238 -2529
-640 1251
-475 -730
-494 -993
-55 3000
-1946 -3000
-1754 -1565
-2302 1028
-1654 -3000
-2658 -221
-1690 183
-2457 -288
-1096 452
-2147 -3000
-2768 -269
-1252 3000
-2266 -1322
-740 3000
-1453 3000
-2083 -128
-2202 269
-1188 -530
-622 36
-2421 2403
-1087 -9
-1581 -1011
-1233 -3000
-128 1066
-137 2888
-777 -1692
-2585 601
-256 -3000
-558 2661
-1471 -925
-2613 1065
-192 -389
-1818 1534
-1873 -717
-1544 -3000
-1571 -211
-2065 -1506
-229 358
-1133 2089
-1051 3000
-101 -519
-119 410
-110 -45
-2037 -3000
-1023 2346
-1206 399
-1288 54
-1005 328
-2311 2732
-804 259
-220 -91
-1864 -1727
-2046 -1104
-695 -877
-2220 2042
-1800 137
-2466 155
-2192 1123
-923 744
-1900 801
-2174 -18
-2138 3000
-1918 3000
-238 975
-448 3000
-1791 -308
-1462 -2347
-585 -801
-905 -230
-2722 -3000
-822 1998
-868 -1346
-2430 -3000
-969 -3000
-1334 2464
-1809 638
-1425 3000
-357 2237
-941 3000
-2110 2290
-1498 613
-1836 -3000
-2750 -2044
-2731 -1450
-631 507
-284 -3000
-1361 -846
-759 3000
-1106 -165
-156 1914
-704 -298
-1599 72
-421 -27
-1718 496
-1626 3000
-2284 -64
-1845 -1252
-932 1798
-649 3000
-2704 1321
-2576 109
-2357 -1066
-174 -2734
-1781 298
-265 -2043
-1489 118
-603 192
-2019 1761
-1855 -3000
-302 -442
-384 -908
-1937 3000
-411 626
-2320 -3000
-1160 -958
-1444 2185
-1343 -3000
-311 18
-2412 941
-1060 -3000
-612 717
-539 3000
-485 -2593
-320 485
-2649 -758
-2129 1594
-1398 9
-1827 3000
-1115 278
-1535 2970
-1279 -399
-2494 463
-2540 3000
-749 -3000
-74 3000
-1635 -3000
-1992 -240
-92 -1274
-2485 0
-795 -183
-2119 -3000
-2211 830
-338 3000
-1973 -82
-2777 174
-1982 368
-1033 677
-1699 703
-1617 1345
-2549 -2406
-1928 1396
-1590 -379
-1316 348
-2713 3000
-594 -249
-512 82
-2667 221
-2686 63
-1672 -816
-1261 -2810
-2558 -942
-950 -2972
-850 3000
-676 -639
-2622 2886
-2631 -3000
-1517 420
-1434 -3000
-1297 530
-2567 -338
-1078 -474
-1553 -1799
-201 63
-1763 -651
-2275 -542
-183 -1029
-1179 -1298
-1307 -100
-348 892
-1526 1084
-2348 -2890
-1480 -328
-2594 1449
-978 -1477
-247 2527
-329 1207
-841 1422
-1325 958
-2293 389
-2603 3000
-877 -554
-996 -118
-1370 -279
-439 1104
-466 -1762
-64 -2404
-959 -1085
-2503 1164
-2521 -3000
-2530 -1659
-1882 -193
-832 589
-1608 553
-667 -1535
-1124 845
-2001 202
-521 565
-1708 1691
-2393 1274
-1142 3000
-768 -3000
-375 -2291
-685 -137
-1270 -1047
-402 127
-366 3000
-1170 -3000
-2740 -602
-457 -3000
-1352 -2090
-1416 1185
-165 3000
-2229 3000
-2256 -358
-1736 3000
-2156 -1207
-2375 45
-1224 2808
-2339 3000
-886 -73
-786 -703
-2074 -626
-1909 1955
-1380 -1144
-2183 441
-2448 -861
-2439 -2138
-2165 -485
-1407 474
300
9 -1398
744 -923
-3000 -1836
348 -1316
3000 -2512
82 -512
-3000 -457
155 -2466
-3000 -2320
958 -1325
-230 -905
553 -1608
-474 -1078
358 -229
703 -1699
1396 -1928
63 -201
36 -622
-2043 -265
-3000 -2631
-1322 -2266
463 -2494
-801 -585
-626 -2074
368 -1982
3000 -2603
-1298 -1179
-146 -1772
-2529 -2238
-2090 -1352
-100 -1307
2042 -2220
-64 -2284
-183 -795
-118 -996
-831 -274
-485 -2165
3000 -1827
-269 -2768
431 -430
-1423 -1644
3000 -74
-91 -220
1104 -439
-3000 -1745
3000 -740
2137 -46
-389 -2677
-298 -704
941 -2412
-3000 -2147
496 -1718
-703 -786
-463 -2476
-2890 -2348
-308 -1791
-846 -1361
-1274 -92
-3000 -2722
-1535 -667
-1799 -1553
2970 -1535
1594 -2129
410 -119
-3000 -284
3000 -1425
815 -813
-877 -695
-165 -1106
-993 -494
1185 -1416
1564 -731
565 -521
474 -1407
328 -1005
-744 -1562
-2593 -485
-758 -2649
-908 -384
1321 -2704
1534 -1818
1251 -640
-3000 -567
2464 -1334
-566 -1964
259 -804
3000 -1142
-3000 -1635
-1692 -777
399 -1206
-368 -503
-816 -1672
1798 -932
202 -2001
786 -147
3000 -1918
-1762 -466
-3000 -1855
3000 -2229
127 -402
3000 -1626
-1104 -2046
613 -1498
-211 -1571
-1124 -293
-1371 -1955
-1252 -1845
-639 -676
3000 -759
-55 -1197
-193 -1882
-431 -2055
845 -1124
-3000 -749
1207 -329
-358 -2256
-73 -886
2886 -2622
-1837 -2640
-1565 -1754
507 -631
1449 -2594
589 -832
-2347 -1462
3000 -1736
-3000 -83
269 -2202
530 -1297
-45 -110
-614 -987
-530 -1188
1691 -1708
1345 -1617
63 -2686
298 -1781
-328 -1480
-958 -1160
1955 -1909
221 -2667
109 -2576
2089 -1133
-1956 -576
830 -2211
45 -2375
-542 -2275
1874 -1243
-279 -1370
-3000 -1343
1422 -841
1084 -1526
-1506 -2065
-3000 -658
118 -1489
519 -2384
-3000 -859
3000 -165
-3000 -768
-2044 -2750
-18 -2174
174 -2777
-2465 -1151
338 -2403
-1999 -1663
-772 -896
-1915 -2329
452 -1096
677 -1033
717 -612
-288 -2457
249 -1891
18 -311
278 -1115
-410 -2366
3000 -1051
-379 -1590
-3000 -2521
1229 -1727
2808 -1224
-602 -2740
3000 -2713
-1477 -978
626 -411
-3000 -1654
-3000 -1170
389 -2293
-577 -211
3000 -850
-925 -1471
2290 -2110
3000 -1252
-3000 -2430
-1207 -2156
-976 -2247
1047 -1215
-221 -2658
-3000 -256
3000 -1453
-249 -594
-137 -685
-1085 -959
-2810 -1261
441 -2183
-1346 -868
-2404 -64
-1011 -1581
1274 -2393
1998 -822
137 -1800
-1186 -1069
1914 -156
801 -1900
3000 -941
975 -238
-1450 -2731
-452 -1389
318 -2092
1028 -2302
3000 -338
-3000 -548
-2138 -2439
-519 -101
2527 -247
730 -2010
-861 -2448
72 -1599
-2291 -375
1371 -530
-1029 -183
-3000 -1544
54 -1288
1066 -128
-338 -2567
485 -320
-730 -475
3000 -2540
2185 -1444
1164 -2503
925 -1014
3000 -649
-399 -1279
0 -2485
1065 -2613
3000 -448
3000 -1937
638 -1809
-389 -192
-1659 -2530
2403 -2421
-831 -2759
-3000 -1946
-3000 -2037
-128 -2083
-3000 -1434
2888 -137
1123 -2192
542 -2695
-27 -421
908 -2101
146 -713
-240 -1992
-2406 -2549
3000 -2339
2732 -2311
-3000 -969
-82 -1973
183 -1690
-554 -877
1761 -2019
-3000 -1060
3000 -55
-9 -1087
-2734 -174
-318 -393
2237 -357
892 -348
3000 -2138
-442 -302
-1047 -1270
-1066 -2357
2346 -1023
192 -603
2661 -558
-259 -1681
-2972 -950
1477 -1507
-717 -1873
-651 -1763
420 -1517
3000 -366
601 -2585
-3000 -1233
3000 -539
-3000 -2119
1626 -1042
3000 -2028
651 -722
-1727 -1864
211 -914
-1144 -1380
-942 -2558
300
2499 -1660
-3000 0
126 -2997
-2659 -1390
2187 -2054
2989 251
-1334 2687
1554 2566
1163 -2766
1104 2789
500 2958
2921 685
-2789 -1104
1712 2463
-867 -2872
-2007 2229
-2054 -2187
-2934 624
-376 2976
2687 -1334
867 2872
-624 -2934
-188 -2994
2934 624
1390 -2659
867 -2872
-2427 1763
2872 867
1863 -2351
2976 -376
2994 -188
-1607 -2533
2947 -562
63 -2999
2994 188
-2566 1554
2968 -438
-807 2889
1814 -2390
2629 -1445
1912 -2312
-1554 -2566
-2984 -314
2921 -685
-2463 1712
2659 1390
2812 1046
-251 2989
251 2989
-1500 2598
2351 -1863
-2533 1607
-2976 376
-1814 -2390
314 2984
-2997 126
2659 -1390
-2687 -1334
2271 1960
1445 2629
1046 2812
2934 -624
2789 1104
-2351 -1863
-2741 1220
-2054 2187
-2390 -1814
2099 -2143
500 -2958
2054 2187
2906 -746
2766 1163
1334 2687
2566 -1554
2997 -126
987 -2833
-927 -2853
-1660 -2499
-2833 987
1607 -2533
1445 -2629
-867 2872
2906 746
-1046 -2812
-126 -2997
2229 2007
-314 -2984
2312 1912
-685 2921
-1814 2390
-2271 -1960
-63 -2999
807 -2889
-2958 -500
-2390 1814
-1500 -2598
2997 126
2312 -1912
-1863 2351
-2499 1660
-2947 -562
-1960 -2271
-1390 -2659
-2812 -1046
1104 -2789
2947 562
1500 2598
2833 -987
2741 -1220
927 2853
-126 2997
1763 2427
126 2997
-63 2999
-2659 1390
-37 17
-1277 2714
-2872 867
-1390 2659
-2889 807
-2989 251
-314 2984
188 -2994
63 2999
376 -2976
562 2947
2853 -927
-500 2958
-438 2968
2463 1712
1220 2741
-1554 2566
-2766 -1163
1607 2533
-2976 -376
-1712 -2463
438 -2968
685 2921
-2187 2054
-1763 2427
-1863 -2351
1277 2714
-2714 1277
-1763 -2427
-2853 927
-2598 1500
-2714 -1277
-2994 -188
-2934 -624
-2143 -2099
2984 314
-49 21
-2351 1863
-2629 1445
-562 -2947
-2229 -2007
0 3000
-251 -2989
-500 -2958
-2921 685
-2229 2007
-2968 -438
-2741 -1220
-1334 -2687
-807 -2889
-562 2947
1500 -2598
-2766 1163
2968 438
685 -2921
-2687 1334
-1104 2789
-1163 2766
-2312 1912
1163 2766
-987 2833
-438 -2968
251 -2989
2976 376
-746 -2906
-1046 2812
-1912 2312
987 2833
2598 1500
-2789 1104
2598 -1500
-2271 1960
-2984 314
1660 -2499
2984 -314
746 2906
1334 -2687
-2187 -2054
-2872 -867
-1660 2499
927 -2853
2958 -500
2463 -1712
-2889 -807
-1607 2533
2714 1277
1277 -2714
438 2968
2390 -1814
2427 1763
-2947 562
188 2994
2390 1814
1046 -2812
2687 1334
-1163 -2766
-2143 2099
2533 1607
-624 2934
-927 2853
-2499 -1660
2812 -1046
2629 1445
624 2934
-2994 188
2229 -2007
2351 1863
-2921 -685
2143 2099
1863 2351
2789 -1104
1960 -2271
2999 -63
2427 -1763
-746 2906
-685 -2921
1960 2271
376 2976
-2999 -63
2007 2229
-1960 2271
0 -3000
2714 -1277
2533 -1607
314 -2984
-2007 -2229
-2427 -1763
-1445 2629
1554 -2566
-1712 2463
1712 -2463
-1220 -2741
1912 2312
2271 -1960
-2833 -987
1814 2390
-2999 63
-2598 -1500
-2629 -1445
-1912 -2312
2889 -807
2958 500
2187 2054
-2566 -1554
-2853 -927
624 -2934
-2906 -746
-2463 -1712
-2997 -126
-2533 -1607
807 2889
1220 -2741
562 -2947
2054 -2187
-2989 -251
-1445 -2629
2766 -1163
1763 -2427
-1104 -2789
2099 2143
-2906 746
2833 987
-2099 2143
2889 807
2007 -2229
-1277 -2714
-2099 -2143
-188 2994
2143 -2099
-376 -2976
2853 927
-2968 438
-2812 1046
2566 1554
2499 1660
-1220 2741
-987 -2833
2989 -251
2872 -867
746 -2906
1660 2499
2741 1220
-2958 500
-2312 -1912
1390 2659